spawns: 
  default: 
    world: world
    x: 311.45206630304494
    y: 74.0
    z: 216.31484591580136
    yaw: 0.5187073
    pitch: 0.44959417
